56
cube_tri_refined.off	1.0 1000000 0.3	1		0.0 8.0 0.0	0.0 1.0 0.0 0.0
cube_tri_refined.off	1.0 1000000 0.3	1		-6.0 8.0 -6.0	0.0 1.0 0.0 0.0
cube_tri_refined.off	1.0 1000000 0.3	1		-6.0 8.0 6.0	0.0 1.0 0.0 0.0
cube_tri_refined.off	1.0 1000000 0.3	1		6.0 8.0 -6.0	0.0 1.0 0.0 0.0
cube_tri_refined.off	1.0 1000000 0.3	1		6.0 8.0 6.0	0.0 1.0 0.0 0.0
cube_tri_refined.off	1.0 1000000 0.3	1		-6.0 8.0 0	0.0 1.0 0.0 0.0
cube_tri_refined.off	1.0 1000000 0.3	1		6.0 8.0 0	0.0 1.0 0.0 0.0
cube_tri_refined.off	1.0 1000000 0.3	1		0.0 8.0 -6.0	0.0 1.0 0.0 0.0
cube_tri_refined.off	1.0 1000000 0.3	1		0.0 8.0 6.0	0.0 1.0 0.0 0.0

cube_tri_refined.off	1.0 1000000 0.3	1		-18.0 8.0 0.0	0.0 1.0 0.0 0.0
cube_tri_refined.off	1.0 1000000 0.3	1		-24.0 8.0 -6.0	0.0 1.0 0.0 0.0
cube_tri_refined.off	1.0 1000000 0.3	1		-24.0 8.0 6.0	0.0 1.0 0.0 0.0
cube_tri_refined.off	1.0 1000000 0.3	1		-12.0 8.0 -6.0	0.0 1.0 0.0 0.0
cube_tri_refined.off	1.0 1000000 0.3	1		-12.0 8.0 6.0	0.0 1.0 0.0 0.0
cube_tri_refined.off	1.0 1000000 0.3	1		-24.0 8.0 0	0.0 1.0 0.0 0.0
cube_tri_refined.off	1.0 1000000 0.3	1		-12.0 8.0 0	0.0 1.0 0.0 0.0
cube_tri_refined.off	1.0 1000000 0.3	1		-18.0 8.0 -6.0	0.0 1.0 0.0 0.0
cube_tri_refined.off	1.0 1000000 0.3	1		-18.0 8.0 6.0	0.0 1.0 0.0 0.0

cube_tri_refined.off	1.0 1000000 0.3	1		18.0 8.0 0.0	0.0 1.0 0.0 0.0
cube_tri_refined.off	1.0 1000000 0.3	1		12.0 8.0 -6.0	0.0 1.0 0.0 0.0
cube_tri_refined.off	1.0 1000000 0.3	1		12.0 8.0 6.0	0.0 1.0 0.0 0.0
cube_tri_refined.off	1.0 1000000 0.3	1		24.0 8.0 -6.0	0.0 1.0 0.0 0.0
cube_tri_refined.off	1.0 1000000 0.3	1		24.0 8.0 6.0	0.0 1.0 0.0 0.0
cube_tri_refined.off	1.0 1000000 0.3	1		12.0 8.0 0	0.0 1.0 0.0 0.0
cube_tri_refined.off	1.0 1000000 0.3	1		24.0 8.0 0	0.0 1.0 0.0 0.0
cube_tri_refined.off	1.0 1000000 0.3	1		18.0 8.0 -6.0	0.0 1.0 0.0 0.0
cube_tri_refined.off	1.0 1000000 0.3	1		18.0 8.0 6.0	0.0 1.0 0.0 0.0

cube_tri_refined.off	1.0 1000000 0.3	1		0.0 8.0 18.0	0.0 1.0 0.0 0.0
cube_tri_refined.off	1.0 1000000 0.3	1		-6.0 8.0 12.0	0.0 1.0 0.0 0.0
cube_tri_refined.off	1.0 1000000 0.3	1		-6.0 8.0 24.0	0.0 1.0 0.0 0.0
cube_tri_refined.off	1.0 1000000 0.3	1		6.0 8.0 12.0	0.0 1.0 0.0 0.0
cube_tri_refined.off	1.0 1000000 0.3	1		6.0 8.0 24.0	0.0 1.0 0.0 0.0
cube_tri_refined.off	1.0 1000000 0.3	1		-6.0 8.0 18.0	0.0 1.0 0.0 0.0
cube_tri_refined.off	1.0 1000000 0.3	1		6.0 8.0 18.0	0.0 1.0 0.0 0.0
cube_tri_refined.off	1.0 1000000 0.3	1		0.0 8.0 12.0	0.0 1.0 0.0 0.0
cube_tri_refined.off	1.0 1000000 0.3	1		0.0 8.0 24.0	0.0 1.0 0.0 0.0

cube_tri_refined.off	1.0 1000000 0.3	1		0.0 8.0 -18.0	0.0 1.0 0.0 0.0
cube_tri_refined.off	1.0 1000000 0.3	1		-6.0 8.0 -12.0	0.0 1.0 0.0 0.0
cube_tri_refined.off	1.0 1000000 0.3	1		-6.0 8.0 -24.0	0.0 1.0 0.0 0.0
cube_tri_refined.off	1.0 1000000 0.3	1		6.0 8.0 -12.0	0.0 1.0 0.0 0.0
cube_tri_refined.off	1.0 1000000 0.3	1		6.0 8.0 -24.0	0.0 1.0 0.0 0.0
cube_tri_refined.off	1.0 1000000 0.3	1		-6.0 8.0 -18.0	0.0 1.0 0.0 0.0
cube_tri_refined.off	1.0 1000000 0.3	1		6.0 8.0 -18.0	0.0 1.0 0.0 0.0
cube_tri_refined.off	1.0 1000000 0.3	1		0.0 8.0 -12.0	0.0 1.0 0.0 0.0
cube_tri_refined.off	1.0 1000000 0.3	1		0.0 8.0 -24.0	0.0 1.0 0.0 0.0

cube_tri_refined.off	1.0 1000000 0.3	1		0.0 14.0 0.0	0.0 1.0 0.0 0.0
cube_tri_refined.off	1.0 1000000 0.3	1		-6.0 14.0 -6.0	0.0 1.0 0.0 0.0
cube_tri_refined.off	1.0 1000000 0.3	1		-6.0 14.0 6.0	0.0 1.0 0.0 0.0
cube_tri_refined.off	1.0 1000000 0.3	1		6.0 14.0 -6.0	0.0 1.0 0.0 0.0
cube_tri_refined.off	1.0 1000000 0.3	1		6.0 14.0 6.0	0.0 1.0 0.0 0.0
cube_tri_refined.off	1.0 1000000 0.3	1		-6.0 14.0 0	0.0 1.0 0.0 0.0
cube_tri_refined.off	1.0 1000000 0.3	1		6.0 14.0 0	0.0 1.0 0.0 0.0
cube_tri_refined.off	1.0 1000000 0.3	1		0.0 14.0 -6.0	0.0 1.0 0.0 0.0
cube_tri_refined.off	1.0 1000000 0.3	1		0.0 14.0 6.0	0.0 1.0 0.0 0.0

cube_tri_refined.off	1.0 1000000 0.3	1		0.0 20.0 0.0	0.0 1.0 0.0 0.0

bunny.off		100.0 100000 0.3	0		25.0 100.0 0.0	0.0 1.0 1.0 1.0




