33
box_tri.mesh		3000.0	0 0 0	0.0 50.0 30.0	1.0 0.0 0.0 0.0
box_tri.mesh		3000.0	0 0 0	0.0 65.0 30.0 	1.0 0.0 0.0 0.0
box_tri.mesh		3000.0	0 0 0	0.0 80.0 30.0 	1.0 0.0 0.0 0.0
box_tri.mesh		3000.0	0 0 0   0.0 95.0 30.0	1.0 0.0 0.0 0.0
box_tri.mesh		3000.0	0 0 0   0.0 110.0 30.0	1.0 0.0 0.0 0.0
box_tri.mesh		3000.0	0 0 0   0.0 125.0 30.0	1.0 0.0 0.0 0.0
box_tri.mesh		3000.0	0 0 0	0.0 140.0 30.0	1.0 0.0 0.0 0.0
box_tri.mesh		3000.0	0 0 0	0.0 155.0 30.0	1.0 0.0 0.0 0.0
box_tri.mesh		3000.0	0 0 1	0.0 170.0 30.0	1.0 0.0 0.0 0.0
tetrahedron.mesh	3000.0	0 0 0	-170.0 130.0 30.0	1.0 0.0 0.0 0.0
tetrahedron.mesh	3000.0	0 0 0	-150.0 130.0 30.0 	1.0 0.0 0.0 0.0
tetrahedron.mesh	3000.0	0 0 0	-130.0 130.0 30.0	1.0 0.0 0.0 0.0
tetrahedron.mesh	3000.0	0 0 0   -110.0 130.0 30.0	1.0 0.0 0.0 0.0
tetrahedron.mesh	3000.0	0 0 0   -90.0  130.0 30.0	1.0 0.0 0.0 0.0
tetrahedron.mesh	3000.0	0 0 0   -70.0 130.0 30.0	1.0 0.0 0.0 0.0
tetrahedron.mesh	3000.0	0 0 0	-50.0 130.0 30.0	1.0 0.0 0.0 0.0
tetrahedron.mesh	3000.0	0 0 0	-30.0 130.0 30.0	1.0 0.0 0.0 0.0
tetrahedron.mesh	3000.0	0 0 1	-10.0 130.0 30.0	1.0 0.0 0.0 0.0
cylinder.mesh	5000.0	0 0 1 -80.0 10.0 -80.0	0.717 0.717 0.0 0.0 
cylinder.mesh	5000.0	0 0 1 -80.0 10.0 -30.0	0.717 0.717 0.0 0.0
cylinder.mesh	5000.0	0 0 1 -80.0 10.0 30.0		0.717 0.717 0.0 0.0
cylinder.mesh	5000.0	0 0 1 -80.0 10.0 80.0		0.717 0.717 0.0 0.0
cylinder.mesh	5000.0	0 0 1 -30.0 10.0 -80.0	0.717 0.717 0.0 0.0
cylinder.mesh	5000.0	0 0 1 -30.0 10.0 -30.0	0.717 0.717 0.0 0.0
cylinder.mesh	5000.0	0 0 1 -30.0 10.0 30.0		0.717 0.717 0.0 0.0
cylinder.mesh	5000.0	0 0 1 -30.0 10.0 80.0		0.717 0.717 0.0 0.0
cylinder.mesh	5000.0	0 0 1 30.0 10.0 -80.0		0.717 0.717 0.0 0.0
cylinder.mesh	5000.0	0 0 1 30.0 10.0 -30.0		0.717 0.717 0.0 0.0
cylinder.mesh	5000.0	0 0 1 30.0 10.0 30.0		0.717 0.717 0.0 0.0
cylinder.mesh	5000.0	0 0 1 30.0 10.0 80.0		0.717 0.717 0.0 0.0
cylinder.mesh	5000.0	0 0 1 80.0 10.0 -80.0		0.717 0.717 0.0 0.0
cylinder.mesh	5000.0	0 0 1 80.0 10.0 -30.0		0.717 0.717 0.0 0.0
cylinder.mesh	5000.0	0 0 1 80.0 10.0 30.0		0.717 0.717 0.0 0.0