 66772.8  673.077  673.077 -96.1538 -576.923        0        0        0        0 -1346.15 -96.1538 -96.1538 -96.1538        0 -576.923        0        0        0        0        0        0        0        0        0
 673.077  66772.8  673.077 -96.1538 -1346.15 -96.1538        0        0        0 -576.923 -96.1538        0        0 -96.1538 -576.923        0        0        0        0        0        0        0        0        0
 673.077  673.077  66772.8        0 -576.923 -96.1538        0        0        0 -576.923        0 -96.1538 -96.1538 -96.1538 -1346.15        0        0        0        0        0        0        0        0        0
-96.1538 -96.1538        0   394483        0        0 -2692.31 -576.923  576.923 -96.1538  673.077  576.923 -192.308 -96.1538  96.1538 -96.1538        0  96.1538 -96.1538 -576.923 -673.077  192.308  673.077 -673.077
-576.923 -1346.15 -576.923        0   394483        0 -96.1538 -192.308        0  673.077 -1346.15 -576.923 -576.923 -1442.31  673.077        0 -96.1538 -96.1538 -96.1538 -96.1538 -96.1538  673.077  1442.31  673.077
       0 -96.1538 -96.1538        0        0   394483  96.1538        0 -192.308  96.1538 -96.1538 -96.1538  576.923  673.077 -1442.31  576.923 -576.923 -1346.15 -673.077 -576.923 -1346.15 -673.077  673.077  1442.31
       0        0        0 -2692.31 -96.1538  96.1538   133353  673.077 -673.077 -96.1538 -576.923 -576.923        0        0        0        0        0        0 -96.1538  576.923  576.923        0 -576.923  576.923
       0        0        0 -576.923 -192.308        0  673.077   132103        0 -96.1538 -1346.15 -576.923        0        0        0        0        0        0  96.1538 -96.1538 -96.1538 -96.1538        0  673.077
       0        0        0  576.923        0 -192.308 -673.077        0   132103 -96.1538 -96.1538 -96.1538        0        0        0        0        0        0  96.1538 -576.923 -1346.15  96.1538  673.077        0
-1346.15 -576.923 -576.923 -96.1538  673.077  96.1538 -96.1538 -96.1538 -96.1538   197434        0        0  96.1538  96.1538  673.077        0        0        0        0        0        0 -288.462 -96.1538 -96.1538
-96.1538 -96.1538        0  673.077 -1346.15 -96.1538 -576.923 -1346.15 -96.1538        0   198684  1346.15  576.923  1346.15  96.1538        0        0        0        0        0        0 -576.923 -1538.46    -1250
-96.1538        0 -96.1538  576.923 -576.923 -96.1538 -576.923 -576.923 -96.1538        0  1346.15   198684  673.077  576.923  96.1538        0        0        0        0        0        0 -576.923 -769.231 -2788.46
-96.1538        0 -96.1538 -192.308 -576.923  576.923        0        0        0  96.1538  576.923  673.077   264014  673.077 -673.077 -96.1538  96.1538        0  96.1538 -673.077 -576.923 -2884.62 -96.1538  96.1538
       0 -96.1538 -96.1538 -96.1538 -1442.31  673.077        0        0        0  96.1538  1346.15  576.923  673.077   264014        0  576.923 -1346.15 -576.923 -673.077  96.1538  96.1538 -576.923 -1634.62 -673.077
-576.923 -576.923 -1346.15  96.1538  673.077 -1442.31        0        0        0  673.077  96.1538  96.1538 -673.077        0   264014        0 -96.1538 -96.1538 -96.1538  576.923  1346.15  576.923 -673.077 -1634.62
       0        0        0 -96.1538        0  576.923        0        0        0        0        0        0 -96.1538  576.923        0  66772.8 -673.077 -673.077 -1346.15  96.1538  96.1538        0        0        0
       0        0        0        0 -96.1538 -576.923        0        0        0        0        0        0  96.1538 -1346.15 -96.1538 -673.077  66772.8  673.077  576.923 -96.1538        0        0        0        0
       0        0        0  96.1538 -96.1538 -1346.15        0        0        0        0        0        0        0 -576.923 -96.1538 -673.077  673.077  66772.8  576.923        0 -96.1538        0        0        0
       0        0        0 -96.1538 -96.1538 -673.077 -96.1538  96.1538  96.1538        0        0        0  96.1538 -673.077 -96.1538 -1346.15  576.923  576.923   197434        0        0 -288.462  96.1538  96.1538
       0        0        0 -576.923 -96.1538 -576.923  576.923 -96.1538 -576.923        0        0        0 -673.077  96.1538  576.923  96.1538 -96.1538        0        0   198684  1346.15  576.923 -2788.46 -769.231
       0        0        0 -673.077 -96.1538 -1346.15  576.923 -96.1538 -1346.15        0        0        0 -576.923  96.1538  1346.15  96.1538        0 -96.1538        0  1346.15   198684  576.923    -1250 -1538.46
       0        0        0  192.308  673.077 -673.077        0 -96.1538  96.1538 -288.462 -576.923 -576.923 -2884.62 -576.923  576.923        0        0        0 -288.462  576.923  576.923   264207        0        0
       0        0        0  673.077  1442.31  673.077 -576.923        0  673.077 -96.1538 -1538.46 -769.231 -96.1538 -1634.62 -673.077        0        0        0  96.1538 -2788.46    -1250        0   265457  1346.15
       0        0        0 -673.077  673.077  1442.31  576.923  673.077        0 -96.1538    -1250 -2788.46  96.1538 -673.077 -1634.62        0        0        0  96.1538 -769.231 -1538.46        0  1346.15   265457