   70613  28044.9  28044.9 -4006.41 -24038.5        0        0        0        0 -56089.7 -4006.41 -4006.41 -4006.41        0 -24038.5        0        0        0        0        0        0        0        0        0
 28044.9    70613  28044.9 -4006.41 -56089.7 -4006.41        0        0        0 -24038.5 -4006.41        0        0 -4006.41 -24038.5        0        0        0        0        0        0        0        0        0
 28044.9  28044.9    70613        0 -24038.5 -4006.41        0        0        0 -24038.5        0 -4006.41 -4006.41 -4006.41 -56089.7        0        0        0        0        0        0        0        0        0
-4006.41 -4006.41        0   167268        0        0  -112179 -24038.5  24038.5 -4006.41  28044.9  24038.5 -8012.82 -4006.41  4006.41 -4006.41        0  4006.41 -4006.41 -24038.5 -28044.9  8012.82  28044.9 -28044.9
-24038.5 -56089.7 -24038.5        0   167268        0 -4006.41 -8012.82        0  28044.9 -56089.7 -24038.5 -24038.5 -60096.2  28044.9        0 -4006.41 -4006.41 -4006.41 -4006.41 -4006.41  28044.9  60096.2  28044.9
       0 -4006.41 -4006.41        0        0   167268  4006.41        0 -8012.82  4006.41 -4006.41 -4006.41  24038.5  28044.9 -60096.2  24038.5 -24038.5 -56089.7 -28044.9 -24038.5 -56089.7 -28044.9  28044.9  60096.2
       0        0        0  -112179 -4006.41  4006.41   133213  28044.9 -28044.9 -4006.41 -24038.5 -24038.5        0        0        0        0        0        0 -4006.41  24038.5  24038.5        0 -24038.5  24038.5
       0        0        0 -24038.5 -8012.82        0  28044.9  81129.8        0 -4006.41 -56089.7 -24038.5        0        0        0        0        0        0  4006.41 -4006.41 -4006.41 -4006.41        0  28044.9
       0        0        0  24038.5        0 -8012.82 -28044.9        0  81129.8 -4006.41 -4006.41 -4006.41        0        0        0        0        0        0  4006.41 -24038.5 -56089.7  4006.41  28044.9        0
-56089.7 -24038.5 -24038.5 -4006.41  28044.9  4006.41 -4006.41 -4006.41 -4006.41  91646.6        0        0  4006.41  4006.41  28044.9        0        0        0        0        0        0 -12019.2 -4006.41 -4006.41
-4006.41 -4006.41        0  28044.9 -56089.7 -4006.41 -24038.5 -56089.7 -4006.41        0   143730  56089.7  24038.5  56089.7  4006.41        0        0        0        0        0        0 -24038.5 -64102.6 -52083.3
-4006.41        0 -4006.41  24038.5 -24038.5 -4006.41 -24038.5 -24038.5 -4006.41        0  56089.7   143730  28044.9  24038.5  4006.41        0        0        0        0        0        0 -24038.5 -32051.3  -116186
-4006.41        0 -4006.41 -8012.82 -24038.5  24038.5        0        0        0  4006.41  24038.5  28044.9   154247  28044.9 -28044.9 -4006.41  4006.41        0  4006.41 -28044.9 -24038.5  -120192 -4006.41  4006.41
       0 -4006.41 -4006.41 -4006.41 -60096.2  28044.9        0        0        0  4006.41  56089.7  24038.5  28044.9   154247        0  24038.5 -56089.7 -24038.5 -28044.9  4006.41  4006.41 -24038.5   -68109 -28044.9
-24038.5 -24038.5 -56089.7  4006.41  28044.9 -60096.2        0        0        0  28044.9  4006.41  4006.41 -28044.9        0   154247        0 -4006.41 -4006.41 -4006.41  24038.5  56089.7  24038.5 -28044.9   -68109
       0        0        0 -4006.41        0  24038.5        0        0        0        0        0        0 -4006.41  24038.5        0    70613 -28044.9 -28044.9 -56089.7  4006.41  4006.41        0        0        0
       0        0        0        0 -4006.41 -24038.5        0        0        0        0        0        0  4006.41 -56089.7 -4006.41 -28044.9    70613  28044.9  24038.5 -4006.41        0        0        0        0
       0        0        0  4006.41 -4006.41 -56089.7        0        0        0        0        0        0        0 -24038.5 -4006.41 -28044.9  28044.9    70613  24038.5        0 -4006.41        0        0        0
       0        0        0 -4006.41 -4006.41 -28044.9 -4006.41  4006.41  4006.41        0        0        0  4006.41 -28044.9 -4006.41 -56089.7  24038.5  24038.5  91646.6        0        0 -12019.2  4006.41  4006.41
       0        0        0 -24038.5 -4006.41 -24038.5  24038.5 -4006.41 -24038.5        0        0        0 -28044.9  4006.41  24038.5  4006.41 -4006.41        0        0   143730  56089.7  24038.5  -116186 -32051.3
       0        0        0 -28044.9 -4006.41 -56089.7  24038.5 -4006.41 -56089.7        0        0        0 -24038.5  4006.41  56089.7  4006.41        0 -4006.41        0  56089.7   143730  24038.5 -52083.3 -64102.6
       0        0        0  8012.82  28044.9 -28044.9        0 -4006.41  4006.41 -12019.2 -24038.5 -24038.5  -120192 -24038.5  24038.5        0        0        0 -12019.2  24038.5  24038.5   162260        0        0
       0        0        0  28044.9  60096.2  28044.9 -24038.5        0  28044.9 -4006.41 -64102.6 -32051.3 -4006.41   -68109 -28044.9        0        0        0  4006.41  -116186 -52083.3        0   214343  56089.7
       0        0        0 -28044.9  28044.9  60096.2  24038.5  28044.9        0 -4006.41 -52083.3  -116186  4006.41 -28044.9   -68109        0        0        0  4006.41 -32051.3 -64102.6        0  56089.7   214343