      641026       280449       280449     -40064.1      -240385            0            0            0            0      -560897     -40064.1     -40064.1     -40064.1            0      -240385            0            0            0            0            0            0            0            0            0
      280449       641026       280449     -40064.1      -560897     -40064.1            0            0            0      -240385     -40064.1            0            0     -40064.1      -240385            0            0            0            0            0            0            0            0            0
      280449       280449       641026            0      -240385     -40064.1            0            0            0      -240385            0     -40064.1     -40064.1     -40064.1      -560897            0            0            0            0            0            0            0            0            0
    -40064.1     -40064.1            0  1.28205e+06            0            0 -1.12179e+06      -240385       240385     -40064.1       280449       240385     -80128.2     -40064.1      40064.1     -40064.1            0      40064.1     -40064.1      -240385      -280449      80128.2       280449      -280449
     -240385      -560897      -240385            0  1.28205e+06            0     -40064.1     -80128.2            0       280449      -560897      -240385      -240385      -600962       280449            0     -40064.1     -40064.1     -40064.1     -40064.1     -40064.1       280449       600962       280449
           0     -40064.1     -40064.1            0            0  1.28205e+06      40064.1            0     -80128.2      40064.1     -40064.1     -40064.1       240385       280449      -600962       240385      -240385      -560897      -280449      -240385      -560897      -280449       280449       600962
           0            0            0 -1.12179e+06     -40064.1      40064.1  1.20192e+06       280449      -280449     -40064.1      -240385      -240385            0            0            0            0            0            0     -40064.1       240385       240385            0      -240385       240385
           0            0            0      -240385     -80128.2            0       280449       681090            0     -40064.1      -560897      -240385            0            0            0            0            0            0      40064.1     -40064.1     -40064.1     -40064.1            0       280449
           0            0            0       240385            0     -80128.2      -280449            0       681090     -40064.1     -40064.1     -40064.1            0            0            0            0            0            0      40064.1      -240385      -560897      40064.1       280449            0
     -560897      -240385      -240385     -40064.1       280449      40064.1     -40064.1     -40064.1     -40064.1       721154            0            0      40064.1      40064.1       280449            0            0            0            0            0            0      -120192     -40064.1     -40064.1
    -40064.1     -40064.1            0       280449      -560897     -40064.1      -240385      -560897     -40064.1            0  1.24199e+06       560897       240385       560897      40064.1            0            0            0            0            0            0      -240385      -641026      -520833
    -40064.1            0     -40064.1       240385      -240385     -40064.1      -240385      -240385     -40064.1            0       560897  1.24199e+06       280449       240385      40064.1            0            0            0            0            0            0      -240385      -320513 -1.16186e+06
    -40064.1            0     -40064.1     -80128.2      -240385       240385            0            0            0      40064.1       240385       280449  1.28205e+06       280449      -280449     -40064.1      40064.1            0      40064.1      -280449      -240385 -1.20192e+06     -40064.1      40064.1
           0     -40064.1     -40064.1     -40064.1      -600962       280449            0            0            0      40064.1       560897       240385       280449  1.28205e+06            0       240385      -560897      -240385      -280449      40064.1      40064.1      -240385      -681090      -280449
     -240385      -240385      -560897      40064.1       280449      -600962            0            0            0       280449      40064.1      40064.1      -280449            0  1.28205e+06            0     -40064.1     -40064.1     -40064.1       240385       560897       240385      -280449      -681090
           0            0            0     -40064.1            0       240385            0            0            0            0            0            0     -40064.1       240385            0       641026      -280449      -280449      -560897      40064.1      40064.1            0            0            0
           0            0            0            0     -40064.1      -240385            0            0            0            0            0            0      40064.1      -560897     -40064.1      -280449       641026       280449       240385     -40064.1            0            0            0            0
           0            0            0      40064.1     -40064.1      -560897            0            0            0            0            0            0            0      -240385     -40064.1      -280449       280449       641026       240385            0     -40064.1            0            0            0
           0            0            0     -40064.1     -40064.1      -280449     -40064.1      40064.1      40064.1            0            0            0      40064.1      -280449     -40064.1      -560897       240385       240385       721154            0            0      -120192      40064.1      40064.1
           0            0            0      -240385     -40064.1      -240385       240385     -40064.1      -240385            0            0            0      -280449      40064.1       240385      40064.1     -40064.1            0            0  1.24199e+06       560897       240385 -1.16186e+06      -320513
           0            0            0      -280449     -40064.1      -560897       240385     -40064.1      -560897            0            0            0      -240385      40064.1       560897      40064.1            0     -40064.1            0       560897  1.24199e+06       240385      -520833      -641026
           0            0            0      80128.2       280449      -280449            0     -40064.1      40064.1      -120192      -240385      -240385 -1.20192e+06      -240385       240385            0            0            0      -120192       240385       240385  1.36218e+06            0            0
           0            0            0       280449       600962       280449      -240385            0       280449     -40064.1      -641026      -320513     -40064.1      -681090      -280449            0            0            0      40064.1 -1.16186e+06      -520833            0  1.88301e+06       560897
           0            0            0      -280449       280449       600962       240385       280449            0     -40064.1      -520833 -1.16186e+06      40064.1      -280449      -681090            0            0            0      40064.1      -320513      -641026            0       560897  1.88301e+06