65104.2       0       0       0       0       0       0       0       0       0       0       0       0       0       0       0       0       0       0       0       0       0       0       0
      0 65104.2       0       0       0       0       0       0       0       0       0       0       0       0       0       0       0       0       0       0       0       0       0       0
      0       0 65104.2       0       0       0       0       0       0       0       0       0       0       0       0       0       0       0       0       0       0       0       0       0
      0       0       0  390625       0       0       0       0       0       0       0       0       0       0       0       0       0       0       0       0       0       0       0       0
      0       0       0       0  390625       0       0       0       0       0       0       0       0       0       0       0       0       0       0       0       0       0       0       0
      0       0       0       0       0  390625       0       0       0       0       0       0       0       0       0       0       0       0       0       0       0       0       0       0
      0       0       0       0       0       0  130208       0       0       0       0       0       0       0       0       0       0       0       0       0       0       0       0       0
      0       0       0       0       0       0       0  130208       0       0       0       0       0       0       0       0       0       0       0       0       0       0       0       0
      0       0       0       0       0       0       0       0  130208       0       0       0       0       0       0       0       0       0       0       0       0       0       0       0
      0       0       0       0       0       0       0       0       0  195312       0       0       0       0       0       0       0       0       0       0       0       0       0       0
      0       0       0       0       0       0       0       0       0       0  195312       0       0       0       0       0       0       0       0       0       0       0       0       0
      0       0       0       0       0       0       0       0       0       0       0  195312       0       0       0       0       0       0       0       0       0       0       0       0
      0       0       0       0       0       0       0       0       0       0       0       0  260417       0       0       0       0       0       0       0       0       0       0       0
      0       0       0       0       0       0       0       0       0       0       0       0       0  260417       0       0       0       0       0       0       0       0       0       0
      0       0       0       0       0       0       0       0       0       0       0       0       0       0  260417       0       0       0       0       0       0       0       0       0
      0       0       0       0       0       0       0       0       0       0       0       0       0       0       0 65104.2       0       0       0       0       0       0       0       0
      0       0       0       0       0       0       0       0       0       0       0       0       0       0       0       0 65104.2       0       0       0       0       0       0       0
      0       0       0       0       0       0       0       0       0       0       0       0       0       0       0       0       0 65104.2       0       0       0       0       0       0
      0       0       0       0       0       0       0       0       0       0       0       0       0       0       0       0       0       0  195312       0       0       0       0       0
      0       0       0       0       0       0       0       0       0       0       0       0       0       0       0       0       0       0       0  195312       0       0       0       0
      0       0       0       0       0       0       0       0       0       0       0       0       0       0       0       0       0       0       0       0  195312       0       0       0
      0       0       0       0       0       0       0       0       0       0       0       0       0       0       0       0       0       0       0       0       0  260417       0       0
      0       0       0       0       0       0       0       0       0       0       0       0       0       0       0       0       0       0       0       0       0       0  260417       0
      0       0       0       0       0       0       0       0       0       0       0       0       0       0       0       0       0       0       0       0       0       0       0  260417